 sp  tstp    time
  1     1    15.0
  1     1    15.0
  1     1    15.0
  1     1    15.0
  1     2    30.0
  1     2    30.0
  1     2    30.0
  1     2    30.0
  2     1    45.5
  2     1    45.5
  2     1    45.5
  2     1    45.5
  2     2    61.0
  2     2    61.0
  2     2    61.0
  2     2    61.0
  3     1    76.0
  3     1    76.0
  3     1    76.0
  3     1    76.0
  3     2    91.0
  3     2    91.0
  3     2    91.0
  3     2    91.0
  4     1   106.5
  4     1   106.5
  4     1   106.5
  4     1   106.5
  4     2   122.0
  4     2   122.0
  4     2   122.0
  4     2   122.0
  5     1   137.5
  5     1   137.5
  5     1   137.5
  5     1   137.5
  5     2   153.0
  5     2   153.0
  5     2   153.0
  5     2   153.0
  6     1   168.0
  6     1   168.0
  6     1   168.0
  6     1   168.0
  6     2   183.0
  6     2   183.0
  6     2   183.0
  6     2   183.0
  7     1   198.5
  7     1   198.5
  7     1   198.5
  7     1   198.5
  7     2   214.0
  7     2   214.0
  7     2   214.0
  7     2   214.0
  8     1   229.0
  8     1   229.0
  8     1   229.0
  8     1   229.0
  8     2   244.0
  8     2   244.0
  8     2   244.0
  8     2   244.0
  9     1   259.5
  9     1   259.5
  9     1   259.5
  9     1   259.5
  9     2   275.0
  9     2   275.0
  9     2   275.0
  9     2   275.0
 10     1   290.5
 10     1   290.5
 10     1   290.5
 10     1   290.5
 10     2   306.0
 10     2   306.0
 10     2   306.0
 10     2   306.0
 11     1   320.0
 11     1   320.0
 11     1   320.0
 11     1   320.0
 11     2   334.0
 11     2   334.0
 11     2   334.0
 11     2   334.0
 12     1   349.5
 12     1   349.5
 12     1   349.5
 12     1   349.5
 12     2   365.0
 12     2   365.0
 12     2   365.0
 12     2   365.0
 13     1   380.0
 13     1   380.0
 13     1   380.0
 13     1   380.0
 13     2   395.0
 13     2   395.0
 13     2   395.0
 13     2   395.0
 14     1   410.5
 14     1   410.5
 14     1   410.5
 14     1   410.5
 14     2   426.0
 14     2   426.0
 14     2   426.0
 14     2   426.0
 15     1   441.0
 15     1   441.0
 15     1   441.0
 15     1   441.0
 15     2   456.0
 15     2   456.0
 15     2   456.0
 15     2   456.0
 16     1   471.5
 16     1   471.5
 16     1   471.5
 16     1   471.5
 16     2   487.0
 16     2   487.0
 16     2   487.0
 16     2   487.0
 17     1   502.5
 17     1   502.5
 17     1   502.5
 17     1   502.5
 17     2   518.0
 17     2   518.0
 17     2   518.0
 17     2   518.0
 18     1   533.0
 18     1   533.0
 18     1   533.0
 18     1   533.0
 18     2   548.0
 18     2   548.0
 18     2   548.0
 18     2   548.0
 19     1   563.5
 19     1   563.5
 19     1   563.5
 19     1   563.5
 19     2   579.0
 19     2   579.0
 19     2   579.0
 19     2   579.0
 20     1   594.0
 20     1   594.0
 20     1   594.0
 20     1   594.0
 20     2   609.0
 20     2   609.0
 20     2   609.0
 20     2   609.0
 21     1   624.5
 21     1   624.5
 21     1   624.5
 21     1   624.5
 21     2   640.0
 21     2   640.0
 21     2   640.0
 21     2   640.0
 22     1   655.5
 22     1   655.5
 22     1   655.5
 22     1   655.5
 22     2   671.0
 22     2   671.0
 22     2   671.0
 22     2   671.0
 23     1   685.0
 23     1   685.0
 23     1   685.0
 23     1   685.0
 23     2   699.0
 23     2   699.0
 23     2   699.0
 23     2   699.0
 24     1   714.5
 24     1   714.5
 24     1   714.5
 24     1   714.5
 24     2   730.0
 24     2   730.0
 24     2   730.0
 24     2   730.0
 25     1   745.0
 25     1   745.0
 25     1   745.0
 25     1   745.0
 25     2   760.0
 25     2   760.0
 25     2   760.0
 25     2   760.0
 26     1   775.5
 26     1   775.5
 26     1   775.5
 26     1   775.5
 26     2   791.0
 26     2   791.0
 26     2   791.0
 26     2   791.0
 27     1   806.0
 27     1   806.0
 27     1   806.0
 27     1   806.0
 27     2   821.0
 27     2   821.0
 27     2   821.0
 27     2   821.0
 28     1   836.5
 28     1   836.5
 28     1   836.5
 28     1   836.5
 28     2   852.0
 28     2   852.0
 28     2   852.0
 28     2   852.0
 29     1   867.5
 29     1   867.5
 29     1   867.5
 29     1   867.5
 29     2   883.0
 29     2   883.0
 29     2   883.0
 29     2   883.0
 30     1   898.0
 30     1   898.0
 30     1   898.0
 30     1   898.0
 30     2   913.0
 30     2   913.0
 30     2   913.0
 30     2   913.0
 31     1   928.5
 31     1   928.5
 31     1   928.5
 31     1   928.5
 31     2   944.0
 31     2   944.0
 31     2   944.0
 31     2   944.0
 32     1   959.0
 32     1   959.0
 32     1   959.0
 32     1   959.0
 32     2   974.0
 32     2   974.0
 32     2   974.0
 32     2   974.0
 33     1   989.5
 33     1   989.5
 33     1   989.5
 33     1   989.5
 33     2  1005.0
 33     2  1005.0
 33     2  1005.0
 33     2  1005.0
 34     1  1020.5
 34     1  1020.5
 34     1  1020.5
 34     1  1020.5
 34     2  1036.0
 34     2  1036.0
 34     2  1036.0
 34     2  1036.0
 35     1  1050.0
 35     1  1050.0
 35     1  1050.0
 35     1  1050.0
 35     2  1064.0
 35     2  1064.0
 35     2  1064.0
 35     2  1064.0
 36     1  1079.5
 36     1  1079.5
 36     1  1079.5
 36     1  1079.5
 36     2  1095.0
 36     2  1095.0
 36     2  1095.0
 36     2  1095.0
 37     1  1110.0
 37     1  1110.0
 37     1  1110.0
 37     1  1110.0
 37     2  1125.0
 37     2  1125.0
 37     2  1125.0
 37     2  1125.0
 38     1  1140.5
 38     1  1140.5
 38     1  1140.5
 38     1  1140.5
 38     2  1156.0
 38     2  1156.0
 38     2  1156.0
 38     2  1156.0
 39     1  1171.0
 39     1  1171.0
 39     1  1171.0
 39     1  1171.0
 39     2  1186.0
 39     2  1186.0
 39     2  1186.0
 39     2  1186.0
 40     1  1201.5
 40     1  1201.5
 40     1  1201.5
 40     1  1201.5
 40     2  1217.0
 40     2  1217.0
 40     2  1217.0
 40     2  1217.0
 41     1  1232.5
 41     1  1232.5
 41     1  1232.5
 41     1  1232.5
 41     2  1248.0
 41     2  1248.0
 41     2  1248.0
 41     2  1248.0
 42     1  1263.0
 42     1  1263.0
 42     1  1263.0
 42     1  1263.0
 42     2  1278.0
 42     2  1278.0
 42     2  1278.0
 42     2  1278.0
 43     1  1293.5
 43     1  1293.5
 43     1  1293.5
 43     1  1293.5
 43     2  1309.0
 43     2  1309.0
 43     2  1309.0
 43     2  1309.0
 44     1  1324.0
 44     1  1324.0
 44     1  1324.0
 44     1  1324.0
 44     2  1339.0
 44     2  1339.0
 44     2  1339.0
 44     2  1339.0
 45     1  1354.5
 45     1  1354.5
 45     1  1354.5
 45     1  1354.5
 45     2  1370.0
 45     2  1370.0
 45     2  1370.0
 45     2  1370.0
 46     1  1385.5
 46     1  1385.5
 46     1  1385.5
 46     1  1385.5
 46     2  1401.0
 46     2  1401.0
 46     2  1401.0
 46     2  1401.0
 47     1  1415.5
 47     1  1415.5
 47     1  1415.5
 47     1  1415.5
 47     2  1430.0
 47     2  1430.0
 47     2  1430.0
 47     2  1430.0
 48     1  1445.5
 48     1  1445.5
 48     1  1445.5
 48     1  1445.5
 48     2  1461.0
 48     2  1461.0
 48     2  1461.0
 48     2  1461.0
 49     1  1476.0
 49     1  1476.0
 49     1  1476.0
 49     1  1476.0
 49     2  1491.0
 49     2  1491.0
 49     2  1491.0
 49     2  1491.0
 50     1  1506.5
 50     1  1506.5
 50     1  1506.5
 50     1  1506.5
 50     2  1522.0
 50     2  1522.0
 50     2  1522.0
 50     2  1522.0
 51     1  1537.0
 51     1  1537.0
 51     1  1537.0
 51     1  1537.0
 51     2  1552.0
 51     2  1552.0
 51     2  1552.0
 51     2  1552.0
 52     1  1567.5
 52     1  1567.5
 52     1  1567.5
 52     1  1567.5
 52     2  1583.0
 52     2  1583.0
 52     2  1583.0
 52     2  1583.0
 53     1  1598.5
 53     1  1598.5
 53     1  1598.5
 53     1  1598.5
 53     2  1614.0
 53     2  1614.0
 53     2  1614.0
 53     2  1614.0
 54     1  1629.0
 54     1  1629.0
 54     1  1629.0
 54     1  1629.0
 54     2  1644.0
 54     2  1644.0
 54     2  1644.0
 54     2  1644.0
 55     1  1659.5
 55     1  1659.5
 55     1  1659.5
 55     1  1659.5
 55     2  1675.0
 55     2  1675.0
 55     2  1675.0
 55     2  1675.0
 56     1  1690.0
 56     1  1690.0
 56     1  1690.0
 56     1  1690.0
 56     2  1705.0
 56     2  1705.0
 56     2  1705.0
 56     2  1705.0
 57     1  1720.5
 57     1  1720.5
 57     1  1720.5
 57     1  1720.5
 57     2  1736.0
 57     2  1736.0
 57     2  1736.0
 57     2  1736.0
 58     1  1751.5
 58     1  1751.5
 58     1  1751.5
 58     1  1751.5
 58     2  1767.0
 58     2  1767.0
 58     2  1767.0
 58     2  1767.0
 59     1  1781.0
 59     1  1781.0
 59     1  1781.0
 59     1  1781.0
 59     2  1795.0
 59     2  1795.0
 59     2  1795.0
 59     2  1795.0
 60     1  1810.5
 60     1  1810.5
 60     1  1810.5
 60     1  1810.5
 60     2  1826.0
 60     2  1826.0
 60     2  1826.0
 60     2  1826.0
 61     1  1841.0
 61     1  1841.0
 61     1  1841.0
 61     1  1841.0
 61     2  1856.0
 61     2  1856.0
 61     2  1856.0
 61     2  1856.0
 62     1  1871.5
 62     1  1871.5
 62     1  1871.5
 62     1  1871.5
 62     2  1887.0
 62     2  1887.0
 62     2  1887.0
 62     2  1887.0
 63     1  1902.0
 63     1  1902.0
 63     1  1902.0
 63     1  1902.0
 63     2  1917.0
 63     2  1917.0
 63     2  1917.0
 63     2  1917.0
 64     1  1932.5
 64     1  1932.5
 64     1  1932.5
 64     1  1932.5
 64     2  1948.0
 64     2  1948.0
 64     2  1948.0
 64     2  1948.0
 65     1  1963.5
 65     1  1963.5
 65     1  1963.5
 65     1  1963.5
 65     2  1979.0
 65     2  1979.0
 65     2  1979.0
 65     2  1979.0
 66     1  1994.0
 66     1  1994.0
 66     1  1994.0
 66     1  1994.0
 66     2  2009.0
 66     2  2009.0
 66     2  2009.0
 66     2  2009.0
 67     1  2024.5
 67     1  2024.5
 67     1  2024.5
 67     1  2024.5
 67     2  2040.0
 67     2  2040.0
 67     2  2040.0
 67     2  2040.0
 68     1  2055.0
 68     1  2055.0
 68     1  2055.0
 68     1  2055.0
 68     2  2070.0
 68     2  2070.0
 68     2  2070.0
 68     2  2070.0
 69     1  2085.5
 69     1  2085.5
 69     1  2085.5
 69     1  2085.5
 69     2  2101.0
 69     2  2101.0
 69     2  2101.0
 69     2  2101.0
 70     1  2116.5
 70     1  2116.5
 70     1  2116.5
 70     1  2116.5
 70     2  2132.0
 70     2  2132.0
 70     2  2132.0
 70     2  2132.0
 71     1  2146.0
 71     1  2146.0
 71     1  2146.0
 71     1  2146.0
 71     2  2160.0
 71     2  2160.0
 71     2  2160.0
 71     2  2160.0
 72     1  2175.5
 72     1  2175.5
 72     1  2175.5
 72     1  2175.5
 72     2  2191.0
 72     2  2191.0
 72     2  2191.0
 72     2  2191.0
 73     1  2206.0
 73     1  2206.0
 73     1  2206.0
 73     1  2206.0
 73     2  2221.0
 73     2  2221.0
 73     2  2221.0
 73     2  2221.0
 74     1  2236.5
 74     1  2236.5
 74     1  2236.5
 74     1  2236.5
 74     2  2252.0
 74     2  2252.0
 74     2  2252.0
 74     2  2252.0
 75     1  2267.0
 75     1  2267.0
 75     1  2267.0
 75     1  2267.0
 75     2  2282.0
 75     2  2282.0
 75     2  2282.0
 75     2  2282.0
 76     1  2297.5
 76     1  2297.5
 76     1  2297.5
 76     1  2297.5
 76     2  2313.0
 76     2  2313.0
 76     2  2313.0
 76     2  2313.0
 77     1  2328.5
 77     1  2328.5
 77     1  2328.5
 77     1  2328.5
 77     2  2344.0
 77     2  2344.0
 77     2  2344.0
 77     2  2344.0
 78     1  2359.0
 78     1  2359.0
 78     1  2359.0
 78     1  2359.0
 78     2  2374.0
 78     2  2374.0
 78     2  2374.0
 78     2  2374.0
 79     1  2389.5
 79     1  2389.5
 79     1  2389.5
 79     1  2389.5
 79     2  2405.0
 79     2  2405.0
 79     2  2405.0
 79     2  2405.0
 80     1  2420.0
 80     1  2420.0
 80     1  2420.0
 80     1  2420.0
 80     2  2435.0
 80     2  2435.0
 80     2  2435.0
 80     2  2435.0
 81     1  2450.5
 81     1  2450.5
 81     1  2450.5
 81     1  2450.5
 81     2  2466.0
 81     2  2466.0
 81     2  2466.0
 81     2  2466.0
 82     1  2481.5
 82     1  2481.5
 82     1  2481.5
 82     1  2481.5
 82     2  2497.0
 82     2  2497.0
 82     2  2497.0
 82     2  2497.0
 83     1  2511.0
 83     1  2511.0
 83     1  2511.0
 83     1  2511.0
 83     2  2525.0
 83     2  2525.0
 83     2  2525.0
 83     2  2525.0
 84     1  2540.5
 84     1  2540.5
 84     1  2540.5
 84     1  2540.5
 84     2  2556.0
 84     2  2556.0
 84     2  2556.0
 84     2  2556.0
 85     1  2571.0
 85     1  2571.0
 85     1  2571.0
 85     1  2571.0
 85     2  2586.0
 85     2  2586.0
 85     2  2586.0
 85     2  2586.0
 86     1  2601.5
 86     1  2601.5
 86     1  2601.5
 86     1  2601.5
 86     2  2617.0
 86     2  2617.0
 86     2  2617.0
 86     2  2617.0
 87     1  2632.0
 87     1  2632.0
 87     1  2632.0
 87     1  2632.0
 87     2  2647.0
 87     2  2647.0
 87     2  2647.0
 87     2  2647.0
 88     1  2662.5
 88     1  2662.5
 88     1  2662.5
 88     1  2662.5
 88     2  2678.0
 88     2  2678.0
 88     2  2678.0
 88     2  2678.0
 89     1  2693.5
 89     1  2693.5
 89     1  2693.5
 89     1  2693.5
 89     2  2709.0
 89     2  2709.0
 89     2  2709.0
 89     2  2709.0
 90     1  2724.0
 90     1  2724.0
 90     1  2724.0
 90     1  2724.0
 90     2  2739.0
 90     2  2739.0
 90     2  2739.0
 90     2  2739.0
 91     1  2754.5
 91     1  2754.5
 91     1  2754.5
 91     1  2754.5
 91     2  2770.0
 91     2  2770.0
 91     2  2770.0
 91     2  2770.0
 92     1  2785.0
 92     1  2785.0
 92     1  2785.0
 92     1  2785.0
 92     2  2800.0
 92     2  2800.0
 92     2  2800.0
 92     2  2800.0
 93     1  2815.5
 93     1  2815.5
 93     1  2815.5
 93     1  2815.5
 93     2  2831.0
 93     2  2831.0
 93     2  2831.0
 93     2  2831.0
 94     1  2846.5
 94     1  2846.5
 94     1  2846.5
 94     1  2846.5
 94     2  2862.0
 94     2  2862.0
 94     2  2862.0
 94     2  2862.0
 95     1  2876.5
 95     1  2876.5
 95     1  2876.5
 95     1  2876.5
 95     2  2891.0
 95     2  2891.0
 95     2  2891.0
 95     2  2891.0
 96     1  2906.5
 96     1  2906.5
 96     1  2906.5
 96     1  2906.5
 96     2  2922.0
 96     2  2922.0
 96     2  2922.0
 96     2  2922.0
 97     1  2937.0
 97     1  2937.0
 97     1  2937.0
 97     1  2937.0
 97     2  2952.0
 97     2  2952.0
 97     2  2952.0
 97     2  2952.0
 98     1  2967.5
 98     1  2967.5
 98     1  2967.5
 98     1  2967.5
 98     2  2983.0
 98     2  2983.0
 98     2  2983.0
 98     2  2983.0
 99     1  2998.0
 99     1  2998.0
 99     1  2998.0
 99     1  2998.0
 99     2  3013.0
 99     2  3013.0
 99     2  3013.0
 99     2  3013.0
100     1  3028.5
100     1  3028.5
100     1  3028.5
100     1  3028.5
100     2  3044.0
100     2  3044.0
100     2  3044.0
100     2  3044.0
101     1  3059.5
101     1  3059.5
101     1  3059.5
101     1  3059.5
101     2  3075.0
101     2  3075.0
101     2  3075.0
101     2  3075.0
102     1  3090.0
102     1  3090.0
102     1  3090.0
102     1  3090.0
102     2  3105.0
102     2  3105.0
102     2  3105.0
102     2  3105.0
103     1  3120.5
103     1  3120.5
103     1  3120.5
103     1  3120.5
103     2  3136.0
103     2  3136.0
103     2  3136.0
103     2  3136.0
104     1  3151.0
104     1  3151.0
104     1  3151.0
104     1  3151.0
104     2  3166.0
104     2  3166.0
104     2  3166.0
104     2  3166.0
105     1  3181.5
105     1  3181.5
105     1  3181.5
105     1  3181.5
105     2  3197.0
105     2  3197.0
105     2  3197.0
105     2  3197.0
106     1  3212.5
106     1  3212.5
106     1  3212.5
106     1  3212.5
106     2  3228.0
106     2  3228.0
106     2  3228.0
106     2  3228.0
107     1  3242.0
107     1  3242.0
107     1  3242.0
107     1  3242.0
107     2  3256.0
107     2  3256.0
107     2  3256.0
107     2  3256.0
108     1  3271.5
108     1  3271.5
108     1  3271.5
108     1  3271.5
108     2  3287.0
108     2  3287.0
108     2  3287.0
108     2  3287.0
109     1  3302.0
109     1  3302.0
109     1  3302.0
109     1  3302.0
109     2  3317.0
109     2  3317.0
109     2  3317.0
109     2  3317.0
110     1  3332.5
110     1  3332.5
110     1  3332.5
110     1  3332.5
110     2  3348.0
110     2  3348.0
110     2  3348.0
110     2  3348.0
111     1  3363.0
111     1  3363.0
111     1  3363.0
111     1  3363.0
111     2  3378.0
111     2  3378.0
111     2  3378.0
111     2  3378.0
112     1  3393.5
112     1  3393.5
112     1  3393.5
112     1  3393.5
112     2  3409.0
112     2  3409.0
112     2  3409.0
112     2  3409.0
113     1  3424.5
113     1  3424.5
113     1  3424.5
113     1  3424.5
113     2  3440.0
113     2  3440.0
113     2  3440.0
113     2  3440.0
114     1  3455.0
114     1  3455.0
114     1  3455.0
114     1  3455.0
114     2  3470.0
114     2  3470.0
114     2  3470.0
114     2  3470.0
115     1  3485.5
115     1  3485.5
115     1  3485.5
115     1  3485.5
115     2  3501.0
115     2  3501.0
115     2  3501.0
115     2  3501.0
116     1  3516.0
116     1  3516.0
116     1  3516.0
116     1  3516.0
116     2  3531.0
116     2  3531.0
116     2  3531.0
116     2  3531.0
117     1  3546.5
117     1  3546.5
117     1  3546.5
117     1  3546.5
117     2  3562.0
117     2  3562.0
117     2  3562.0
117     2  3562.0
118     1  3577.5
118     1  3577.5
118     1  3577.5
118     1  3577.5
118     2  3593.0
118     2  3593.0
118     2  3593.0
118     2  3593.0
119     1  3607.0
119     1  3607.0
119     1  3607.0
119     1  3607.0
119     2  3621.0
119     2  3621.0
119     2  3621.0
119     2  3621.0
120     1  3636.5
120     1  3636.5
120     1  3636.5
120     1  3636.5
120     2  3652.0
120     2  3652.0
120     2  3652.0
120     2  3652.0
121     1  3667.0
121     1  3667.0
121     1  3667.0
121     1  3667.0
121     2  3682.0
121     2  3682.0
121     2  3682.0
121     2  3682.0
122     1  3697.5
122     1  3697.5
122     1  3697.5
122     1  3697.5
122     2  3713.0
122     2  3713.0
122     2  3713.0
122     2  3713.0
123     1  3728.0
123     1  3728.0
123     1  3728.0
123     1  3728.0
123     2  3743.0
123     2  3743.0
123     2  3743.0
123     2  3743.0
124     1  3758.5
124     1  3758.5
124     1  3758.5
124     1  3758.5
124     2  3774.0
124     2  3774.0
124     2  3774.0
124     2  3774.0
125     1  3789.5
125     1  3789.5
125     1  3789.5
125     1  3789.5
125     2  3805.0
125     2  3805.0
125     2  3805.0
125     2  3805.0
126     1  3820.0
126     1  3820.0
126     1  3820.0
126     1  3820.0
126     2  3835.0
126     2  3835.0
126     2  3835.0
126     2  3835.0
127     1  3850.5
127     1  3850.5
127     1  3850.5
127     1  3850.5
127     2  3866.0
127     2  3866.0
127     2  3866.0
127     2  3866.0
128     1  3881.0
128     1  3881.0
128     1  3881.0
128     1  3881.0
128     2  3896.0
128     2  3896.0
128     2  3896.0
128     2  3896.0
129     1  3911.5
129     1  3911.5
129     1  3911.5
129     1  3911.5
129     2  3927.0
129     2  3927.0
129     2  3927.0
129     2  3927.0
130     1  3942.5
130     1  3942.5
130     1  3942.5
130     1  3942.5
130     2  3958.0
130     2  3958.0
130     2  3958.0
130     2  3958.0
131     1  3972.0
131     1  3972.0
131     1  3972.0
131     1  3972.0
131     2  3986.0
131     2  3986.0
131     2  3986.0
131     2  3986.0
132     1  4001.5
132     1  4001.5
132     1  4001.5
132     1  4001.5
132     2  4017.0
132     2  4017.0
132     2  4017.0
132     2  4017.0
133     1  4032.0
133     1  4032.0
133     1  4032.0
133     1  4032.0
133     2  4047.0
133     2  4047.0
133     2  4047.0
133     2  4047.0
134     1  4062.5
134     1  4062.5
134     1  4062.5
134     1  4062.5
134     2  4078.0
134     2  4078.0
134     2  4078.0
134     2  4078.0
135     1  4093.0
135     1  4093.0
135     1  4093.0
135     1  4093.0
135     2  4108.0
135     2  4108.0
135     2  4108.0
135     2  4108.0
136     1  4123.5
136     1  4123.5
136     1  4123.5
136     1  4123.5
136     2  4139.0
136     2  4139.0
136     2  4139.0
136     2  4139.0
137     1  4154.5
137     1  4154.5
137     1  4154.5
137     1  4154.5
137     2  4170.0
137     2  4170.0
137     2  4170.0
137     2  4170.0
138     1  4185.0
138     1  4185.0
138     1  4185.0
138     1  4185.0
138     2  4200.0
138     2  4200.0
138     2  4200.0
138     2  4200.0
139     1  4215.5
139     1  4215.5
139     1  4215.5
139     1  4215.5
139     2  4231.0
139     2  4231.0
139     2  4231.0
139     2  4231.0
140     1  4246.0
140     1  4246.0
140     1  4246.0
140     1  4246.0
140     2  4261.0
140     2  4261.0
140     2  4261.0
140     2  4261.0
141     1  4276.5
141     1  4276.5
141     1  4276.5
141     1  4276.5
141     2  4292.0
141     2  4292.0
141     2  4292.0
141     2  4292.0
142     1  4307.5
142     1  4307.5
142     1  4307.5
142     1  4307.5
142     2  4323.0
142     2  4323.0
142     2  4323.0
142     2  4323.0
143     1  4337.5
143     1  4337.5
143     1  4337.5
143     1  4337.5
143     2  4352.0
143     2  4352.0
143     2  4352.0
143     2  4352.0
144     1  4367.5
144     1  4367.5
144     1  4367.5
144     1  4367.5
144     2  4383.0
144     2  4383.0
144     2  4383.0
144     2  4383.0
145     1  4398.0
145     1  4398.0
145     1  4398.0
145     1  4398.0
145     2  4413.0
145     2  4413.0
145     2  4413.0
145     2  4413.0
146     1  4428.5
146     1  4428.5
146     1  4428.5
146     1  4428.5
146     2  4444.0
146     2  4444.0
146     2  4444.0
146     2  4444.0
147     1  4459.0
147     1  4459.0
147     1  4459.0
147     1  4459.0
147     2  4474.0
147     2  4474.0
147     2  4474.0
147     2  4474.0
148     1  4489.5
148     1  4489.5
148     1  4489.5
148     1  4489.5
148     2  4505.0
148     2  4505.0
148     2  4505.0
148     2  4505.0
149     1  4520.5
149     1  4520.5
149     1  4520.5
149     1  4520.5
149     2  4536.0
149     2  4536.0
149     2  4536.0
149     2  4536.0
150     1  4551.0
150     1  4551.0
150     1  4551.0
150     1  4551.0
150     2  4566.0
150     2  4566.0
150     2  4566.0
150     2  4566.0
151     1  4581.5
151     1  4581.5
151     1  4581.5
151     1  4581.5
151     2  4597.0
151     2  4597.0
151     2  4597.0
151     2  4597.0
152     1  4612.0
152     1  4612.0
152     1  4612.0
152     1  4612.0
152     2  4627.0
152     2  4627.0
152     2  4627.0
152     2  4627.0
153     1  4642.5
153     1  4642.5
153     1  4642.5
153     1  4642.5
153     2  4658.0
153     2  4658.0
153     2  4658.0
153     2  4658.0
154     1  4673.5
154     1  4673.5
154     1  4673.5
154     1  4673.5
154     2  4689.0
154     2  4689.0
154     2  4689.0
154     2  4689.0
155     1  4703.0
155     1  4703.0
155     1  4703.0
155     1  4703.0
155     2  4717.0
155     2  4717.0
155     2  4717.0
155     2  4717.0
156     1  4732.5
156     1  4732.5
156     1  4732.5
156     1  4732.5
156     2  4748.0
156     2  4748.0
156     2  4748.0
156     2  4748.0
157     1  4763.0
157     1  4763.0
157     1  4763.0
157     1  4763.0
157     2  4778.0
157     2  4778.0
157     2  4778.0
157     2  4778.0
158     1  4793.5
158     1  4793.5
158     1  4793.5
158     1  4793.5
158     2  4809.0
158     2  4809.0
158     2  4809.0
158     2  4809.0
159     1  4824.0
159     1  4824.0
159     1  4824.0
159     1  4824.0
159     2  4839.0
159     2  4839.0
159     2  4839.0
159     2  4839.0
160     1  4854.5
160     1  4854.5
160     1  4854.5
160     1  4854.5
160     2  4870.0
160     2  4870.0
160     2  4870.0
160     2  4870.0
161     1  4885.5
161     1  4885.5
161     1  4885.5
161     1  4885.5
161     2  4901.0
161     2  4901.0
161     2  4901.0
161     2  4901.0
162     1  4916.0
162     1  4916.0
162     1  4916.0
162     1  4916.0
162     2  4931.0
162     2  4931.0
162     2  4931.0
162     2  4931.0
163     1  4946.5
163     1  4946.5
163     1  4946.5
163     1  4946.5
163     2  4962.0
163     2  4962.0
163     2  4962.0
163     2  4962.0
164     1  4977.0
164     1  4977.0
164     1  4977.0
164     1  4977.0
164     2  4992.0
164     2  4992.0
164     2  4992.0
164     2  4992.0
165     1  5007.5
165     1  5007.5
165     1  5007.5
165     1  5007.5
165     2  5023.0
165     2  5023.0
165     2  5023.0
165     2  5023.0
166     1  5038.5
166     1  5038.5
166     1  5038.5
166     1  5038.5
166     2  5054.0
166     2  5054.0
166     2  5054.0
166     2  5054.0
167     1  5068.0
167     1  5068.0
167     1  5068.0
167     1  5068.0
167     2  5082.0
167     2  5082.0
167     2  5082.0
167     2  5082.0
168     1  5097.5
168     1  5097.5
168     1  5097.5
168     1  5097.5
168     2  5113.0
168     2  5113.0
168     2  5113.0
168     2  5113.0
169     1  5128.0
169     1  5128.0
169     1  5128.0
169     1  5128.0
169     2  5143.0
169     2  5143.0
169     2  5143.0
169     2  5143.0
170     1  5158.5
170     1  5158.5
170     1  5158.5
170     1  5158.5
170     2  5174.0
170     2  5174.0
170     2  5174.0
170     2  5174.0
171     1  5189.0
171     1  5189.0
171     1  5189.0
171     1  5189.0
171     2  5204.0
171     2  5204.0
171     2  5204.0
171     2  5204.0
172     1  5219.5
172     1  5219.5
172     1  5219.5
172     1  5219.5
172     2  5235.0
172     2  5235.0
172     2  5235.0
172     2  5235.0
173     1  5250.5
173     1  5250.5
173     1  5250.5
173     1  5250.5
173     2  5266.0
173     2  5266.0
173     2  5266.0
173     2  5266.0
174     1  5281.0
174     1  5281.0
174     1  5281.0
174     1  5281.0
174     2  5296.0
174     2  5296.0
174     2  5296.0
174     2  5296.0
175     1  5311.5
175     1  5311.5
175     1  5311.5
175     1  5311.5
175     2  5327.0
175     2  5327.0
175     2  5327.0
175     2  5327.0
176     1  5342.0
176     1  5342.0
176     1  5342.0
176     1  5342.0
176     2  5357.0
176     2  5357.0
176     2  5357.0
176     2  5357.0
177     1  5372.5
177     1  5372.5
177     1  5372.5
177     1  5372.5
177     2  5388.0
177     2  5388.0
177     2  5388.0
177     2  5388.0
178     1  5403.5
178     1  5403.5
178     1  5403.5
178     1  5403.5
178     2  5419.0
178     2  5419.0
178     2  5419.0
178     2  5419.0
179     1  5433.0
179     1  5433.0
179     1  5433.0
179     1  5433.0
179     2  5447.0
179     2  5447.0
179     2  5447.0
179     2  5447.0
180     1  5462.5
180     1  5462.5
180     1  5462.5
180     1  5462.5
180     2  5478.0
180     2  5478.0
180     2  5478.0
180     2  5478.0
181     1  5493.0
181     1  5493.0
181     1  5493.0
181     1  5493.0
181     2  5508.0
181     2  5508.0
181     2  5508.0
181     2  5508.0
182     1  5523.5
182     1  5523.5
182     1  5523.5
182     1  5523.5
182     2  5539.0
182     2  5539.0
182     2  5539.0
182     2  5539.0
183     1  5554.0
183     1  5554.0
183     1  5554.0
183     1  5554.0
183     2  5569.0
183     2  5569.0
183     2  5569.0
183     2  5569.0
184     1  5584.5
184     1  5584.5
184     1  5584.5
184     1  5584.5
184     2  5600.0
184     2  5600.0
184     2  5600.0
184     2  5600.0
185     1  5615.5
185     1  5615.5
185     1  5615.5
185     1  5615.5
185     2  5631.0
185     2  5631.0
185     2  5631.0
185     2  5631.0
186     1  5646.0
186     1  5646.0
186     1  5646.0
186     1  5646.0
186     2  5661.0
186     2  5661.0
186     2  5661.0
186     2  5661.0
187     1  5676.5
187     1  5676.5
187     1  5676.5
187     1  5676.5
187     2  5692.0
187     2  5692.0
187     2  5692.0
187     2  5692.0
188     1  5707.0
188     1  5707.0
188     1  5707.0
188     1  5707.0
188     2  5722.0
188     2  5722.0
188     2  5722.0
188     2  5722.0
189     1  5737.5
189     1  5737.5
189     1  5737.5
189     1  5737.5
189     2  5753.0
189     2  5753.0
189     2  5753.0
189     2  5753.0
190     1  5768.5
190     1  5768.5
190     1  5768.5
190     1  5768.5
190     2  5784.0
190     2  5784.0
190     2  5784.0
190     2  5784.0
191     1  5798.5
191     1  5798.5
191     1  5798.5
191     1  5798.5
191     2  5813.0
191     2  5813.0
191     2  5813.0
191     2  5813.0
192     1  5828.5
192     1  5828.5
192     1  5828.5
192     1  5828.5
192     2  5844.0
192     2  5844.0
192     2  5844.0
192     2  5844.0
193     1  5859.0
193     1  5859.0
193     1  5859.0
193     1  5859.0
193     2  5874.0
193     2  5874.0
193     2  5874.0
193     2  5874.0
194     1  5889.5
194     1  5889.5
194     1  5889.5
194     1  5889.5
194     2  5905.0
194     2  5905.0
194     2  5905.0
194     2  5905.0
195     1  5920.0
195     1  5920.0
195     1  5920.0
195     1  5920.0
195     2  5935.0
195     2  5935.0
195     2  5935.0
195     2  5935.0
196     1  5950.5
196     1  5950.5
196     1  5950.5
196     1  5950.5
196     2  5966.0
196     2  5966.0
196     2  5966.0
196     2  5966.0
197     1  5981.5
197     1  5981.5
197     1  5981.5
197     1  5981.5
197     2  5997.0
197     2  5997.0
197     2  5997.0
197     2  5997.0
198     1  6012.0
198     1  6012.0
198     1  6012.0
198     1  6012.0
198     2  6027.0
198     2  6027.0
198     2  6027.0
198     2  6027.0
199     1  6042.5
199     1  6042.5
199     1  6042.5
199     1  6042.5
199     2  6058.0
199     2  6058.0
199     2  6058.0
199     2  6058.0
200     1  6073.0
200     1  6073.0
200     1  6073.0
200     1  6073.0
200     2  6088.0
200     2  6088.0
200     2  6088.0
200     2  6088.0
201     1  6103.5
201     1  6103.5
201     1  6103.5
201     1  6103.5
201     2  6119.0
201     2  6119.0
201     2  6119.0
201     2  6119.0
202     1  6134.5
202     1  6134.5
202     1  6134.5
202     1  6134.5
202     2  6150.0
202     2  6150.0
202     2  6150.0
202     2  6150.0
203     1  6164.0
203     1  6164.0
203     1  6164.0
203     1  6164.0
203     2  6178.0
203     2  6178.0
203     2  6178.0
203     2  6178.0
204     1  6193.5
204     1  6193.5
204     1  6193.5
204     1  6193.5
204     2  6209.0
204     2  6209.0
204     2  6209.0
204     2  6209.0
205     1  6224.0
205     1  6224.0
205     1  6224.0
205     1  6224.0
205     2  6239.0
205     2  6239.0
205     2  6239.0
205     2  6239.0
206     1  6254.5
206     1  6254.5
206     1  6254.5
206     1  6254.5
206     2  6270.0
206     2  6270.0
206     2  6270.0
206     2  6270.0
207     1  6285.0
207     1  6285.0
207     1  6285.0
207     1  6285.0
207     2  6300.0
207     2  6300.0
207     2  6300.0
207     2  6300.0
208     1  6315.5
208     1  6315.5
208     1  6315.5
208     1  6315.5
208     2  6331.0
208     2  6331.0
208     2  6331.0
208     2  6331.0
209     1  6346.5
209     1  6346.5
209     1  6346.5
209     1  6346.5
209     2  6362.0
209     2  6362.0
209     2  6362.0
209     2  6362.0
210     1  6377.0
210     1  6377.0
210     1  6377.0
210     1  6377.0
210     2  6392.0
210     2  6392.0
210     2  6392.0
210     2  6392.0
211     1  6407.5
211     1  6407.5
211     1  6407.5
211     1  6407.5
211     2  6423.0
211     2  6423.0
211     2  6423.0
211     2  6423.0
212     1  6438.0
212     1  6438.0
212     1  6438.0
212     1  6438.0
212     2  6453.0
212     2  6453.0
212     2  6453.0
212     2  6453.0
213     1  6468.5
213     1  6468.5
213     1  6468.5
213     1  6468.5
213     2  6484.0
213     2  6484.0
213     2  6484.0
213     2  6484.0
214     1  6499.5
214     1  6499.5
214     1  6499.5
214     1  6499.5
214     2  6515.0
214     2  6515.0
214     2  6515.0
214     2  6515.0
215     1  6529.0
215     1  6529.0
215     1  6529.0
215     1  6529.0
215     2  6543.0
215     2  6543.0
215     2  6543.0
215     2  6543.0
216     1  6558.5
216     1  6558.5
216     1  6558.5
216     1  6558.5
216     2  6574.0
216     2  6574.0
216     2  6574.0
216     2  6574.0
217     1  6589.0
217     1  6589.0
217     1  6589.0
217     1  6589.0
217     2  6604.0
217     2  6604.0
217     2  6604.0
217     2  6604.0
218     1  6619.5
218     1  6619.5
218     1  6619.5
218     1  6619.5
218     2  6635.0
218     2  6635.0
218     2  6635.0
218     2  6635.0
219     1  6650.0
219     1  6650.0
219     1  6650.0
219     1  6650.0
219     2  6665.0
219     2  6665.0
219     2  6665.0
219     2  6665.0
220     1  6680.5
220     1  6680.5
220     1  6680.5
220     1  6680.5
220     2  6696.0
220     2  6696.0
220     2  6696.0
220     2  6696.0
221     1  6711.5
221     1  6711.5
221     1  6711.5
221     1  6711.5
221     2  6727.0
221     2  6727.0
221     2  6727.0
221     2  6727.0
222     1  6742.0
222     1  6742.0
222     1  6742.0
222     1  6742.0
222     2  6757.0
222     2  6757.0
222     2  6757.0
222     2  6757.0
223     1  6772.5
223     1  6772.5
223     1  6772.5
223     1  6772.5
223     2  6788.0
223     2  6788.0
223     2  6788.0
223     2  6788.0
224     1  6803.0
224     1  6803.0
224     1  6803.0
224     1  6803.0
224     2  6818.0
224     2  6818.0
224     2  6818.0
224     2  6818.0
225     1  6833.5
225     1  6833.5
225     1  6833.5
225     1  6833.5
225     2  6849.0
225     2  6849.0
225     2  6849.0
225     2  6849.0
226     1  6864.5
226     1  6864.5
226     1  6864.5
226     1  6864.5
226     2  6880.0
226     2  6880.0
226     2  6880.0
226     2  6880.0
227     1  6894.0
227     1  6894.0
227     1  6894.0
227     1  6894.0
227     2  6908.0
227     2  6908.0
227     2  6908.0
227     2  6908.0
228     1  6923.5
228     1  6923.5
228     1  6923.5
228     1  6923.5
228     2  6939.0
228     2  6939.0
228     2  6939.0
228     2  6939.0
229     1  6954.0
229     1  6954.0
229     1  6954.0
229     1  6954.0
229     2  6969.0
229     2  6969.0
229     2  6969.0
229     2  6969.0
230     1  6984.5
230     1  6984.5
230     1  6984.5
230     1  6984.5
230     2  7000.0
230     2  7000.0
230     2  7000.0
230     2  7000.0
231     1  7015.0
231     1  7015.0
231     1  7015.0
231     1  7015.0
231     2  7030.0
231     2  7030.0
231     2  7030.0
231     2  7030.0
232     1  7045.5
232     1  7045.5
232     1  7045.5
232     1  7045.5
232     2  7061.0
232     2  7061.0
232     2  7061.0
232     2  7061.0
233     1  7076.5
233     1  7076.5
233     1  7076.5
233     1  7076.5
233     2  7092.0
233     2  7092.0
233     2  7092.0
233     2  7092.0
234     1  7107.0
234     1  7107.0
234     1  7107.0
234     1  7107.0
234     2  7122.0
234     2  7122.0
234     2  7122.0
234     2  7122.0
235     1  7137.5
235     1  7137.5
235     1  7137.5
235     1  7137.5
235     2  7153.0
235     2  7153.0
235     2  7153.0
235     2  7153.0
236     1  7168.0
236     1  7168.0
236     1  7168.0
236     1  7168.0
236     2  7183.0
236     2  7183.0
236     2  7183.0
236     2  7183.0
237     1  7198.5
237     1  7198.5
237     1  7198.5
237     1  7198.5
237     2  7214.0
237     2  7214.0
237     2  7214.0
237     2  7214.0
238     1  7229.5
238     1  7229.5
238     1  7229.5
238     1  7229.5
238     2  7245.0
238     2  7245.0
238     2  7245.0
238     2  7245.0
239     1  7259.5
239     1  7259.5
239     1  7259.5
239     1  7259.5
239     2  7274.0
239     2  7274.0
239     2  7274.0
239     2  7274.0
240     1  7289.5
240     1  7289.5
240     1  7289.5
240     1  7289.5
240     2  7305.0
240     2  7305.0
240     2  7305.0
240     2  7305.0
241     1  7320.0
241     1  7320.0
241     1  7320.0
241     1  7320.0
241     2  7335.0
241     2  7335.0
241     2  7335.0
241     2  7335.0
242     1  7350.5
242     1  7350.5
242     1  7350.5
242     1  7350.5
242     2  7366.0
242     2  7366.0
242     2  7366.0
242     2  7366.0
243     1  7381.0
243     1  7381.0
243     1  7381.0
243     1  7381.0
243     2  7396.0
243     2  7396.0
243     2  7396.0
243     2  7396.0
244     1  7411.5
244     1  7411.5
244     1  7411.5
244     1  7411.5
244     2  7427.0
244     2  7427.0
244     2  7427.0
244     2  7427.0
245     1  7442.5
245     1  7442.5
245     1  7442.5
245     1  7442.5
245     2  7458.0
245     2  7458.0
245     2  7458.0
245     2  7458.0
246     1  7473.0
246     1  7473.0
246     1  7473.0
246     1  7473.0
246     2  7488.0
246     2  7488.0
246     2  7488.0
246     2  7488.0
247     1  7503.5
247     1  7503.5
247     1  7503.5
247     1  7503.5
247     2  7519.0
247     2  7519.0
247     2  7519.0
247     2  7519.0
248     1  7534.0
248     1  7534.0
248     1  7534.0
248     1  7534.0
248     2  7549.0
248     2  7549.0
248     2  7549.0
248     2  7549.0
249     1  7564.5
249     1  7564.5
249     1  7564.5
249     1  7564.5
249     2  7580.0
249     2  7580.0
249     2  7580.0
249     2  7580.0
250     1  7595.5
250     1  7595.5
250     1  7595.5
250     1  7595.5
250     2  7611.0
250     2  7611.0
250     2  7611.0
250     2  7611.0
251     1  7625.0
251     1  7625.0
251     1  7625.0
251     1  7625.0
251     2  7639.0
251     2  7639.0
251     2  7639.0
251     2  7639.0
252     1  7654.5
252     1  7654.5
252     1  7654.5
252     1  7654.5
252     2  7670.0
252     2  7670.0
252     2  7670.0
252     2  7670.0
253     1  7685.0
253     1  7685.0
253     1  7685.0
253     1  7685.0
253     2  7700.0
253     2  7700.0
253     2  7700.0
253     2  7700.0
254     1  7715.5
254     1  7715.5
254     1  7715.5
254     1  7715.5
254     2  7731.0
254     2  7731.0
254     2  7731.0
254     2  7731.0
255     1  7746.0
255     1  7746.0
255     1  7746.0
255     1  7746.0
255     2  7761.0
255     2  7761.0
255     2  7761.0
255     2  7761.0
256     1  7776.5
256     1  7776.5
256     1  7776.5
256     1  7776.5
256     2  7792.0
256     2  7792.0
256     2  7792.0
256     2  7792.0
257     1  7807.5
257     1  7807.5
257     1  7807.5
257     1  7807.5
257     2  7823.0
257     2  7823.0
257     2  7823.0
257     2  7823.0
258     1  7838.0
258     1  7838.0
258     1  7838.0
258     1  7838.0
258     2  7853.0
258     2  7853.0
258     2  7853.0
258     2  7853.0
259     1  7868.5
259     1  7868.5
259     1  7868.5
259     1  7868.5
259     2  7884.0
259     2  7884.0
259     2  7884.0
259     2  7884.0
260     1  7899.0
260     1  7899.0
260     1  7899.0
260     1  7899.0
260     2  7914.0
260     2  7914.0
260     2  7914.0
260     2  7914.0
261     1  7929.5
261     1  7929.5
261     1  7929.5
261     1  7929.5
261     2  7945.0
261     2  7945.0
261     2  7945.0
261     2  7945.0
262     1  7960.5
262     1  7960.5
262     1  7960.5
262     1  7960.5
262     2  7976.0
262     2  7976.0
262     2  7976.0
262     2  7976.0
263     1  7990.0
263     1  7990.0
263     1  7990.0
263     1  7990.0
263     2  8004.0
263     2  8004.0
263     2  8004.0
263     2  8004.0
264     1  8019.5
264     1  8019.5
264     1  8019.5
264     1  8019.5
264     2  8035.0
264     2  8035.0
264     2  8035.0
264     2  8035.0
265     1  8050.0
265     1  8050.0
265     1  8050.0
265     1  8050.0
265     2  8065.0
265     2  8065.0
265     2  8065.0
265     2  8065.0
266     1  8080.5
266     1  8080.5
266     1  8080.5
266     1  8080.5
266     2  8096.0
266     2  8096.0
266     2  8096.0
266     2  8096.0
267     1  8111.0
267     1  8111.0
267     1  8111.0
267     1  8111.0
267     2  8126.0
267     2  8126.0
267     2  8126.0
267     2  8126.0
268     1  8141.5
268     1  8141.5
268     1  8141.5
268     1  8141.5
268     2  8157.0
268     2  8157.0
268     2  8157.0
268     2  8157.0
269     1  8172.5
269     1  8172.5
269     1  8172.5
269     1  8172.5
269     2  8188.0
269     2  8188.0
269     2  8188.0
269     2  8188.0
270     1  8203.0
270     1  8203.0
270     1  8203.0
270     1  8203.0
270     2  8218.0
270     2  8218.0
270     2  8218.0
270     2  8218.0
271     1  8233.5
271     1  8233.5
271     1  8233.5
271     1  8233.5
271     2  8249.0
271     2  8249.0
271     2  8249.0
271     2  8249.0
272     1  8264.0
272     1  8264.0
272     1  8264.0
272     1  8264.0
272     2  8279.0
272     2  8279.0
272     2  8279.0
272     2  8279.0
273     1  8294.5
273     1  8294.5
273     1  8294.5
273     1  8294.5
273     2  8310.0
273     2  8310.0
273     2  8310.0
273     2  8310.0
274     1  8325.5
274     1  8325.5
274     1  8325.5
274     1  8325.5
274     2  8341.0
274     2  8341.0
274     2  8341.0
274     2  8341.0
275     1  8355.0
275     1  8355.0
275     1  8355.0
275     1  8355.0
275     2  8369.0
275     2  8369.0
275     2  8369.0
275     2  8369.0
276     1  8384.5
276     1  8384.5
276     1  8384.5
276     1  8384.5
276     2  8400.0
276     2  8400.0
276     2  8400.0
276     2  8400.0
277     1  8415.0
277     1  8415.0
277     1  8415.0
277     1  8415.0
277     2  8430.0
277     2  8430.0
277     2  8430.0
277     2  8430.0
278     1  8445.5
278     1  8445.5
278     1  8445.5
278     1  8445.5
278     2  8461.0
278     2  8461.0
278     2  8461.0
278     2  8461.0
279     1  8476.0
279     1  8476.0
279     1  8476.0
279     1  8476.0
279     2  8491.0
279     2  8491.0
279     2  8491.0
279     2  8491.0
280     1  8506.5
280     1  8506.5
280     1  8506.5
280     1  8506.5
280     2  8522.0
280     2  8522.0
280     2  8522.0
280     2  8522.0
281     1  8537.5
281     1  8537.5
281     1  8537.5
281     1  8537.5
281     2  8553.0
281     2  8553.0
281     2  8553.0
281     2  8553.0
282     1  8568.0
282     1  8568.0
282     1  8568.0
282     1  8568.0
282     2  8583.0
282     2  8583.0
282     2  8583.0
282     2  8583.0
283     1  8598.5
283     1  8598.5
283     1  8598.5
283     1  8598.5
283     2  8614.0
283     2  8614.0
283     2  8614.0
283     2  8614.0
284     1  8629.0
284     1  8629.0
284     1  8629.0
284     1  8629.0
284     2  8644.0
284     2  8644.0
284     2  8644.0
284     2  8644.0
285     1  8659.5
285     1  8659.5
285     1  8659.5
285     1  8659.5
285     2  8675.0
285     2  8675.0
285     2  8675.0
285     2  8675.0
286     1  8690.5
286     1  8690.5
286     1  8690.5
286     1  8690.5
286     2  8706.0
286     2  8706.0
286     2  8706.0
286     2  8706.0
287     1  8720.5
287     1  8720.5
287     1  8720.5
287     1  8720.5
287     2  8735.0
287     2  8735.0
287     2  8735.0
287     2  8735.0
288     1  8750.5
288     1  8750.5
288     1  8750.5
288     1  8750.5
288     2  8766.0
288     2  8766.0
288     2  8766.0
288     2  8766.0
289     1  8781.0
289     1  8781.0
289     1  8781.0
289     1  8781.0
289     2  8796.0
289     2  8796.0
289     2  8796.0
289     2  8796.0
290     1  8811.5
290     1  8811.5
290     1  8811.5
290     1  8811.5
290     2  8827.0
290     2  8827.0
290     2  8827.0
290     2  8827.0
291     1  8842.0
291     1  8842.0
291     1  8842.0
291     1  8842.0
291     2  8857.0
291     2  8857.0
291     2  8857.0
291     2  8857.0
292     1  8872.5
292     1  8872.5
292     1  8872.5
292     1  8872.5
292     2  8888.0
292     2  8888.0
292     2  8888.0
292     2  8888.0
293     1  8903.5
293     1  8903.5
293     1  8903.5
293     1  8903.5
293     2  8919.0
293     2  8919.0
293     2  8919.0
293     2  8919.0
294     1  8934.0
294     1  8934.0
294     1  8934.0
294     1  8934.0
294     2  8949.0
294     2  8949.0
294     2  8949.0
294     2  8949.0
295     1  8964.5
295     1  8964.5
295     1  8964.5
295     1  8964.5
295     2  8980.0
295     2  8980.0
295     2  8980.0
295     2  8980.0
296     1  8995.0
296     1  8995.0
296     1  8995.0
296     1  8995.0
296     2  9010.0
296     2  9010.0
296     2  9010.0
296     2  9010.0
297     1  9025.5
297     1  9025.5
297     1  9025.5
297     1  9025.5
297     2  9041.0
297     2  9041.0
297     2  9041.0
297     2  9041.0
298     1  9056.5
298     1  9056.5
298     1  9056.5
298     1  9056.5
298     2  9072.0
298     2  9072.0
298     2  9072.0
298     2  9072.0
299     1  9086.0
299     1  9086.0
299     1  9086.0
299     1  9086.0
299     2  9100.0
299     2  9100.0
299     2  9100.0
299     2  9100.0
300     1  9115.5
300     1  9115.5
300     1  9115.5
300     1  9115.5
300     2  9131.0
300     2  9131.0
300     2  9131.0
300     2  9131.0
301     1  9146.0
301     1  9146.0
301     1  9146.0
301     1  9146.0
301     2  9161.0
301     2  9161.0
301     2  9161.0
301     2  9161.0
302     1  9176.5
302     1  9176.5
302     1  9176.5
302     1  9176.5
302     2  9192.0
302     2  9192.0
302     2  9192.0
302     2  9192.0
303     1  9207.0
303     1  9207.0
303     1  9207.0
303     1  9207.0
303     2  9222.0
303     2  9222.0
303     2  9222.0
303     2  9222.0
304     1  9237.5
304     1  9237.5
304     1  9237.5
304     1  9237.5
304     2  9253.0
304     2  9253.0
304     2  9253.0
304     2  9253.0
305     1  9268.5
305     1  9268.5
305     1  9268.5
305     1  9268.5
305     2  9284.0
305     2  9284.0
305     2  9284.0
305     2  9284.0
306     1  9299.0
306     1  9299.0
306     1  9299.0
306     1  9299.0
306     2  9314.0
306     2  9314.0
306     2  9314.0
306     2  9314.0
307     1  9329.5
307     1  9329.5
307     1  9329.5
307     1  9329.5
307     2  9345.0
307     2  9345.0
307     2  9345.0
307     2  9345.0
308     1  9360.0
308     1  9360.0
308     1  9360.0
308     1  9360.0
308     2  9375.0
308     2  9375.0
308     2  9375.0
308     2  9375.0
309     1  9390.5
309     1  9390.5
309     1  9390.5
309     1  9390.5
309     2  9406.0
309     2  9406.0
309     2  9406.0
309     2  9406.0
310     1  9421.5
310     1  9421.5
310     1  9421.5
310     1  9421.5
310     2  9437.0
310     2  9437.0
310     2  9437.0
310     2  9437.0
311     1  9451.0
311     1  9451.0
311     1  9451.0
311     1  9451.0
311     2  9465.0
311     2  9465.0
311     2  9465.0
311     2  9465.0
312     1  9480.5
312     1  9480.5
312     1  9480.5
312     1  9480.5
312     2  9496.0
312     2  9496.0
312     2  9496.0
312     2  9496.0
313     1  9511.0
313     1  9511.0
313     1  9511.0
313     1  9511.0
313     2  9526.0
313     2  9526.0
313     2  9526.0
313     2  9526.0
314     1  9541.5
314     1  9541.5
314     1  9541.5
314     1  9541.5
314     2  9557.0
314     2  9557.0
314     2  9557.0
314     2  9557.0
315     1  9572.0
315     1  9572.0
315     1  9572.0
315     1  9572.0
315     2  9587.0
315     2  9587.0
315     2  9587.0
315     2  9587.0
316     1  9602.5
316     1  9602.5
316     1  9602.5
316     1  9602.5
316     2  9618.0
316     2  9618.0
316     2  9618.0
316     2  9618.0
317     1  9633.5
317     1  9633.5
317     1  9633.5
317     1  9633.5
317     2  9649.0
317     2  9649.0
317     2  9649.0
317     2  9649.0
318     1  9664.0
318     1  9664.0
318     1  9664.0
318     1  9664.0
318     2  9679.0
318     2  9679.0
318     2  9679.0
318     2  9679.0
319     1  9694.5
319     1  9694.5
319     1  9694.5
319     1  9694.5
319     2  9710.0
319     2  9710.0
319     2  9710.0
319     2  9710.0
320     1  9725.0
320     1  9725.0
320     1  9725.0
320     1  9725.0
320     2  9740.0
320     2  9740.0
320     2  9740.0
320     2  9740.0
321     1  9755.5
321     1  9755.5
321     1  9755.5
321     1  9755.5
321     2  9771.0
321     2  9771.0
321     2  9771.0
321     2  9771.0
322     1  9786.5
322     1  9786.5
322     1  9786.5
322     1  9786.5
322     2  9802.0
322     2  9802.0
322     2  9802.0
322     2  9802.0
323     1  9816.0
323     1  9816.0
323     1  9816.0
323     1  9816.0
323     2  9830.0
323     2  9830.0
323     2  9830.0
323     2  9830.0
324     1  9845.5
324     1  9845.5
324     1  9845.5
324     1  9845.5
324     2  9861.0
324     2  9861.0
324     2  9861.0
324     2  9861.0
325     1  9876.0
325     1  9876.0
325     1  9876.0
325     1  9876.0
325     2  9891.0
325     2  9891.0
325     2  9891.0
325     2  9891.0
326     1  9906.5
326     1  9906.5
326     1  9906.5
326     1  9906.5
326     2  9922.0
326     2  9922.0
326     2  9922.0
326     2  9922.0
327     1  9937.0
327     1  9937.0
327     1  9937.0
327     1  9937.0
327     2  9952.0
327     2  9952.0
327     2  9952.0
327     2  9952.0
328     1  9967.5
328     1  9967.5
328     1  9967.5
328     1  9967.5
328     2  9983.0
328     2  9983.0
328     2  9983.0
328     2  9983.0
329     1  9998.5
329     1  9998.5
329     1  9998.5
329     1  9998.5
329     2 10014.0
329     2 10014.0
329     2 10014.0
329     2 10014.0
330     1 10029.0
330     1 10029.0
330     1 10029.0
330     1 10029.0
330     2 10044.0
330     2 10044.0
330     2 10044.0
330     2 10044.0
331     1 10059.5
331     1 10059.5
331     1 10059.5
331     1 10059.5
331     2 10075.0
331     2 10075.0
331     2 10075.0
331     2 10075.0
332     1 10090.0
332     1 10090.0
332     1 10090.0
332     1 10090.0
332     2 10105.0
332     2 10105.0
332     2 10105.0
332     2 10105.0
333     1 10120.5
333     1 10120.5
333     1 10120.5
333     1 10120.5
333     2 10136.0
333     2 10136.0
333     2 10136.0
333     2 10136.0
334     1 10151.5
334     1 10151.5
334     1 10151.5
334     1 10151.5
334     2 10167.0
334     2 10167.0
334     2 10167.0
334     2 10167.0
335     1 10181.5
335     1 10181.5
335     1 10181.5
335     1 10181.5
335     2 10196.0
335     2 10196.0
335     2 10196.0
335     2 10196.0
336     1 10211.5
336     1 10211.5
336     1 10211.5
336     1 10211.5
336     2 10227.0
336     2 10227.0
336     2 10227.0
336     2 10227.0
337     1 10242.0
337     1 10242.0
337     1 10242.0
337     1 10242.0
337     2 10257.0
337     2 10257.0
337     2 10257.0
337     2 10257.0
338     1 10272.5
338     1 10272.5
338     1 10272.5
338     1 10272.5
338     2 10288.0
338     2 10288.0
338     2 10288.0
338     2 10288.0
339     1 10303.0
339     1 10303.0
339     1 10303.0
339     1 10303.0
339     2 10318.0
339     2 10318.0
339     2 10318.0
339     2 10318.0
340     1 10333.5
340     1 10333.5
340     1 10333.5
340     1 10333.5
340     2 10349.0
340     2 10349.0
340     2 10349.0
340     2 10349.0
341     1 10364.5
341     1 10364.5
341     1 10364.5
341     1 10364.5
341     2 10380.0
341     2 10380.0
341     2 10380.0
341     2 10380.0
342     1 10395.0
342     1 10395.0
342     1 10395.0
342     1 10395.0
342     2 10410.0
342     2 10410.0
342     2 10410.0
342     2 10410.0
343     1 10425.5
343     1 10425.5
343     1 10425.5
343     1 10425.5
343     2 10441.0
343     2 10441.0
343     2 10441.0
343     2 10441.0
344     1 10456.0
344     1 10456.0
344     1 10456.0
344     1 10456.0
344     2 10471.0
344     2 10471.0
344     2 10471.0
344     2 10471.0
345     1 10486.5
345     1 10486.5
345     1 10486.5
345     1 10486.5
345     2 10502.0
345     2 10502.0
345     2 10502.0
345     2 10502.0
346     1 10517.5
346     1 10517.5
346     1 10517.5
346     1 10517.5
346     2 10533.0
346     2 10533.0
346     2 10533.0
346     2 10533.0
347     1 10547.0
347     1 10547.0
347     1 10547.0
347     1 10547.0
347     2 10561.0
347     2 10561.0
347     2 10561.0
347     2 10561.0
348     1 10576.5
348     1 10576.5
348     1 10576.5
348     1 10576.5
348     2 10592.0
348     2 10592.0
348     2 10592.0
348     2 10592.0
349     1 10607.0
349     1 10607.0
349     1 10607.0
349     1 10607.0
349     2 10622.0
349     2 10622.0
349     2 10622.0
349     2 10622.0
350     1 10637.5
350     1 10637.5
350     1 10637.5
350     1 10637.5
350     2 10653.0
350     2 10653.0
350     2 10653.0
350     2 10653.0
351     1 10668.0
351     1 10668.0
351     1 10668.0
351     1 10668.0
351     2 10683.0
351     2 10683.0
351     2 10683.0
351     2 10683.0
352     1 10698.5
352     1 10698.5
352     1 10698.5
352     1 10698.5
352     2 10714.0
352     2 10714.0
352     2 10714.0
352     2 10714.0
353     1 10729.5
353     1 10729.5
353     1 10729.5
353     1 10729.5
353     2 10745.0
353     2 10745.0
353     2 10745.0
353     2 10745.0
354     1 10760.0
354     1 10760.0
354     1 10760.0
354     1 10760.0
354     2 10775.0
354     2 10775.0
354     2 10775.0
354     2 10775.0
355     1 10790.5
355     1 10790.5
355     1 10790.5
355     1 10790.5
355     2 10806.0
355     2 10806.0
355     2 10806.0
355     2 10806.0
356     1 10821.0
356     1 10821.0
356     1 10821.0
356     1 10821.0
356     2 10836.0
356     2 10836.0
356     2 10836.0
356     2 10836.0
357     1 10851.5
357     1 10851.5
357     1 10851.5
357     1 10851.5
357     2 10867.0
357     2 10867.0
357     2 10867.0
357     2 10867.0
358     1 10882.5
358     1 10882.5
358     1 10882.5
358     1 10882.5
358     2 10898.0
358     2 10898.0
358     2 10898.0
358     2 10898.0
359     1 10912.0
359     1 10912.0
359     1 10912.0
359     1 10912.0
359     2 10926.0
359     2 10926.0
359     2 10926.0
359     2 10926.0
360     1 10941.5
360     1 10941.5
360     1 10941.5
360     1 10941.5
360     2 10957.0
360     2 10957.0
360     2 10957.0
360     2 10957.0
361     1 10972.0
361     1 10972.0
361     1 10972.0
361     1 10972.0
361     2 10987.0
361     2 10987.0
361     2 10987.0
361     2 10987.0
362     1 11002.5
362     1 11002.5
362     1 11002.5
362     1 11002.5
362     2 11018.0
362     2 11018.0
362     2 11018.0
362     2 11018.0
363     1 11033.0
363     1 11033.0
363     1 11033.0
363     1 11033.0
363     2 11048.0
363     2 11048.0
363     2 11048.0
363     2 11048.0
364     1 11063.5
364     1 11063.5
364     1 11063.5
364     1 11063.5
364     2 11079.0
364     2 11079.0
364     2 11079.0
364     2 11079.0
365     1 11094.5
365     1 11094.5
365     1 11094.5
365     1 11094.5
365     2 11110.0
365     2 11110.0
365     2 11110.0
365     2 11110.0
366     1 11125.0
366     1 11125.0
366     1 11125.0
366     1 11125.0
366     2 11140.0
366     2 11140.0
366     2 11140.0
366     2 11140.0
367     1 11155.5
367     1 11155.5
367     1 11155.5
367     1 11155.5
367     2 11171.0
367     2 11171.0
367     2 11171.0
367     2 11171.0
368     1 11186.0
368     1 11186.0
368     1 11186.0
368     1 11186.0
368     2 11201.0
368     2 11201.0
368     2 11201.0
368     2 11201.0
369     1 11216.5
369     1 11216.5
369     1 11216.5
369     1 11216.5
369     2 11232.0
369     2 11232.0
369     2 11232.0
369     2 11232.0
370     1 11247.5
370     1 11247.5
370     1 11247.5
370     1 11247.5
370     2 11263.0
370     2 11263.0
370     2 11263.0
370     2 11263.0
371     1 11277.0
371     1 11277.0
371     1 11277.0
371     1 11277.0
371     2 11291.0
371     2 11291.0
371     2 11291.0
371     2 11291.0
372     1 11306.5
372     1 11306.5
372     1 11306.5
372     1 11306.5
372     2 11322.0
372     2 11322.0
372     2 11322.0
372     2 11322.0
373     1 11337.0
373     1 11337.0
373     1 11337.0
373     1 11337.0
373     2 11352.0
373     2 11352.0
373     2 11352.0
373     2 11352.0
374     1 11367.5
374     1 11367.5
374     1 11367.5
374     1 11367.5
374     2 11383.0
374     2 11383.0
374     2 11383.0
374     2 11383.0
375     1 11398.0
375     1 11398.0
375     1 11398.0
375     1 11398.0
375     2 11413.0
375     2 11413.0
375     2 11413.0
375     2 11413.0
376     1 11428.5
376     1 11428.5
376     1 11428.5
376     1 11428.5
376     2 11444.0
376     2 11444.0
376     2 11444.0
376     2 11444.0
377     1 11459.5
377     1 11459.5
377     1 11459.5
377     1 11459.5
377     2 11475.0
377     2 11475.0
377     2 11475.0
377     2 11475.0
378     1 11490.0
378     1 11490.0
378     1 11490.0
378     1 11490.0
378     2 11505.0
378     2 11505.0
378     2 11505.0
378     2 11505.0
379     1 11520.5
379     1 11520.5
379     1 11520.5
379     1 11520.5
379     2 11536.0
379     2 11536.0
379     2 11536.0
379     2 11536.0
380     1 11551.0
380     1 11551.0
380     1 11551.0
380     1 11551.0
380     2 11566.0
380     2 11566.0
380     2 11566.0
380     2 11566.0
381     1 11581.5
381     1 11581.5
381     1 11581.5
381     1 11581.5
381     2 11597.0
381     2 11597.0
381     2 11597.0
381     2 11597.0
382     1 11612.5
382     1 11612.5
382     1 11612.5
382     1 11612.5
382     2 11628.0
382     2 11628.0
382     2 11628.0
382     2 11628.0
383     1 11642.5
383     1 11642.5
383     1 11642.5
383     1 11642.5
383     2 11657.0
383     2 11657.0
383     2 11657.0
383     2 11657.0
384     1 11672.5
384     1 11672.5
384     1 11672.5
384     1 11672.5
384     2 11688.0
384     2 11688.0
384     2 11688.0
384     2 11688.0
385     1 11703.0
385     1 11703.0
385     1 11703.0
385     1 11703.0
385     2 11718.0
385     2 11718.0
385     2 11718.0
385     2 11718.0
386     1 11733.5
386     1 11733.5
386     1 11733.5
386     1 11733.5
386     2 11749.0
386     2 11749.0
386     2 11749.0
386     2 11749.0
387     1 11764.0
387     1 11764.0
387     1 11764.0
387     1 11764.0
387     2 11779.0
387     2 11779.0
387     2 11779.0
387     2 11779.0
388     1 11794.5
388     1 11794.5
388     1 11794.5
388     1 11794.5
388     2 11810.0
388     2 11810.0
388     2 11810.0
388     2 11810.0
389     1 11825.5
389     1 11825.5
389     1 11825.5
389     1 11825.5
389     2 11841.0
389     2 11841.0
389     2 11841.0
389     2 11841.0
390     1 11856.0
390     1 11856.0
390     1 11856.0
390     1 11856.0
390     2 11871.0
390     2 11871.0
390     2 11871.0
390     2 11871.0
391     1 11886.5
391     1 11886.5
391     1 11886.5
391     1 11886.5
391     2 11902.0
391     2 11902.0
391     2 11902.0
391     2 11902.0
392     1 11917.0
392     1 11917.0
392     1 11917.0
392     1 11917.0
392     2 11932.0
392     2 11932.0
392     2 11932.0
392     2 11932.0
393     1 11947.5
393     1 11947.5
393     1 11947.5
393     1 11947.5
393     2 11963.0
393     2 11963.0
393     2 11963.0
393     2 11963.0
394     1 11978.5
394     1 11978.5
394     1 11978.5
394     1 11978.5
394     2 11994.0
394     2 11994.0
394     2 11994.0
394     2 11994.0
395     1 12008.0
395     1 12008.0
395     1 12008.0
395     1 12008.0
395     2 12022.0
395     2 12022.0
395     2 12022.0
395     2 12022.0
396     1 12037.5
396     1 12037.5
396     1 12037.5
396     1 12037.5
396     2 12053.0
396     2 12053.0
396     2 12053.0
396     2 12053.0
397     1 12068.0
397     1 12068.0
397     1 12068.0
397     1 12068.0
397     2 12083.0
397     2 12083.0
397     2 12083.0
397     2 12083.0
398     1 12098.5
398     1 12098.5
398     1 12098.5
398     1 12098.5
398     2 12114.0
398     2 12114.0
398     2 12114.0
398     2 12114.0
399     1 12129.0
399     1 12129.0
399     1 12129.0
399     1 12129.0
399     2 12144.0
399     2 12144.0
399     2 12144.0
399     2 12144.0
400     1 12159.5
400     1 12159.5
400     1 12159.5
400     1 12159.5
400     2 12175.0
400     2 12175.0
400     2 12175.0
400     2 12175.0
401     1 12190.5
401     1 12190.5
401     1 12190.5
401     1 12190.5
401     2 12206.0
401     2 12206.0
401     2 12206.0
401     2 12206.0
402     1 12221.0
402     1 12221.0
402     1 12221.0
402     1 12221.0
402     2 12236.0
402     2 12236.0
402     2 12236.0
402     2 12236.0
403     1 12251.5
403     1 12251.5
403     1 12251.5
403     1 12251.5
403     2 12267.0
403     2 12267.0
403     2 12267.0
403     2 12267.0
404     1 12282.0
404     1 12282.0
404     1 12282.0
404     1 12282.0
404     2 12297.0
404     2 12297.0
404     2 12297.0
404     2 12297.0
405     1 12312.5
405     1 12312.5
405     1 12312.5
405     1 12312.5
405     2 12328.0
405     2 12328.0
405     2 12328.0
405     2 12328.0
406     1 12343.5
406     1 12343.5
406     1 12343.5
406     1 12343.5
406     2 12359.0
406     2 12359.0
406     2 12359.0
406     2 12359.0
407     1 12373.0
407     1 12373.0
407     1 12373.0
407     1 12373.0
407     2 12387.0
407     2 12387.0
407     2 12387.0
407     2 12387.0
408     1 12402.5
408     1 12402.5
408     1 12402.5
408     1 12402.5
408     2 12418.0
408     2 12418.0
408     2 12418.0
408     2 12418.0
409     1 12433.0
409     1 12433.0
409     1 12433.0
409     1 12433.0
409     2 12448.0
409     2 12448.0
409     2 12448.0
409     2 12448.0
410     1 12463.5
410     1 12463.5
410     1 12463.5
410     1 12463.5
410     2 12479.0
410     2 12479.0
410     2 12479.0
410     2 12479.0
411     1 12494.0
411     1 12494.0
411     1 12494.0
411     1 12494.0
411     2 12509.0
411     2 12509.0
411     2 12509.0
411     2 12509.0
412     1 12524.5
412     1 12524.5
412     1 12524.5
412     1 12524.5
412     2 12540.0
412     2 12540.0
412     2 12540.0
412     2 12540.0
413     1 12555.5
413     1 12555.5
413     1 12555.5
413     1 12555.5
413     2 12571.0
413     2 12571.0
413     2 12571.0
413     2 12571.0
414     1 12586.0
414     1 12586.0
414     1 12586.0
414     1 12586.0
414     2 12601.0
414     2 12601.0
414     2 12601.0
414     2 12601.0
415     1 12616.5
415     1 12616.5
415     1 12616.5
415     1 12616.5
415     2 12632.0
415     2 12632.0
415     2 12632.0
415     2 12632.0
416     1 12647.0
416     1 12647.0
416     1 12647.0
416     1 12647.0
416     2 12662.0
416     2 12662.0
416     2 12662.0
416     2 12662.0
417     1 12677.5
417     1 12677.5
417     1 12677.5
417     1 12677.5
417     2 12693.0
417     2 12693.0
417     2 12693.0
417     2 12693.0
418     1 12708.5
418     1 12708.5
418     1 12708.5
418     1 12708.5
418     2 12724.0
418     2 12724.0
418     2 12724.0
418     2 12724.0
419     1 12738.0
419     1 12738.0
419     1 12738.0
419     1 12738.0
419     2 12752.0
419     2 12752.0
419     2 12752.0
419     2 12752.0
420     1 12767.5
420     1 12767.5
420     1 12767.5
420     1 12767.5
420     2 12783.0
420     2 12783.0
420     2 12783.0
420     2 12783.0
421     1 12798.0
421     1 12798.0
421     1 12798.0
421     1 12798.0
421     2 12813.0
421     2 12813.0
421     2 12813.0
421     2 12813.0
422     1 12828.5
422     1 12828.5
422     1 12828.5
422     1 12828.5
422     2 12844.0
422     2 12844.0
422     2 12844.0
422     2 12844.0
423     1 12859.0
423     1 12859.0
423     1 12859.0
423     1 12859.0
423     2 12874.0
423     2 12874.0
423     2 12874.0
423     2 12874.0
424     1 12889.5
424     1 12889.5
424     1 12889.5
424     1 12889.5
424     2 12905.0
424     2 12905.0
424     2 12905.0
424     2 12905.0
425     1 12920.5
425     1 12920.5
425     1 12920.5
425     1 12920.5
425     2 12936.0
425     2 12936.0
425     2 12936.0
425     2 12936.0
426     1 12951.0
426     1 12951.0
426     1 12951.0
426     1 12951.0
426     2 12966.0
426     2 12966.0
426     2 12966.0
426     2 12966.0
427     1 12981.5
427     1 12981.5
427     1 12981.5
427     1 12981.5
427     2 12997.0
427     2 12997.0
427     2 12997.0
427     2 12997.0
428     1 13012.0
428     1 13012.0
428     1 13012.0
428     1 13012.0
428     2 13027.0
428     2 13027.0
428     2 13027.0
428     2 13027.0
429     1 13042.5
429     1 13042.5
429     1 13042.5
429     1 13042.5
429     2 13058.0
429     2 13058.0
429     2 13058.0
429     2 13058.0
430     1 13073.5
430     1 13073.5
430     1 13073.5
430     1 13073.5
430     2 13089.0
430     2 13089.0
430     2 13089.0
430     2 13089.0
431     1 13103.5
431     1 13103.5
431     1 13103.5
431     1 13103.5
431     2 13118.0
431     2 13118.0
431     2 13118.0
431     2 13118.0
432     1 13133.5
432     1 13133.5
432     1 13133.5
432     1 13133.5
432     2 13149.0
432     2 13149.0
432     2 13149.0
432     2 13149.0
433     1 13164.0
433     1 13164.0
433     1 13164.0
433     1 13164.0
433     2 13179.0
433     2 13179.0
433     2 13179.0
433     2 13179.0
434     1 13194.5
434     1 13194.5
434     1 13194.5
434     1 13194.5
434     2 13210.0
434     2 13210.0
434     2 13210.0
434     2 13210.0
435     1 13225.0
435     1 13225.0
435     1 13225.0
435     1 13225.0
435     2 13240.0
435     2 13240.0
435     2 13240.0
435     2 13240.0
436     1 13255.5
436     1 13255.5
436     1 13255.5
436     1 13255.5
436     2 13271.0
436     2 13271.0
436     2 13271.0
436     2 13271.0
437     1 13286.5
437     1 13286.5
437     1 13286.5
437     1 13286.5
437     2 13302.0
437     2 13302.0
437     2 13302.0
437     2 13302.0
438     1 13317.0
438     1 13317.0
438     1 13317.0
438     1 13317.0
438     2 13332.0
438     2 13332.0
438     2 13332.0
438     2 13332.0
439     1 13347.5
439     1 13347.5
439     1 13347.5
439     1 13347.5
439     2 13363.0
439     2 13363.0
439     2 13363.0
439     2 13363.0
440     1 13378.0
440     1 13378.0
440     1 13378.0
440     1 13378.0
440     2 13393.0
440     2 13393.0
440     2 13393.0
440     2 13393.0
441     1 13408.5
441     1 13408.5
441     1 13408.5
441     1 13408.5
441     2 13424.0
441     2 13424.0
441     2 13424.0
441     2 13424.0
442     1 13439.5
442     1 13439.5
442     1 13439.5
442     1 13439.5
442     2 13455.0
442     2 13455.0
442     2 13455.0
442     2 13455.0
443     1 13469.0
443     1 13469.0
443     1 13469.0
443     1 13469.0
443     2 13483.0
443     2 13483.0
443     2 13483.0
443     2 13483.0
444     1 13498.5
444     1 13498.5
444     1 13498.5
444     1 13498.5
444     2 13514.0
444     2 13514.0
444     2 13514.0
444     2 13514.0
445     1 13529.0
445     1 13529.0
445     1 13529.0
445     1 13529.0
445     2 13544.0
445     2 13544.0
445     2 13544.0
445     2 13544.0
446     1 13559.5
446     1 13559.5
446     1 13559.5
446     1 13559.5
446     2 13575.0
446     2 13575.0
446     2 13575.0
446     2 13575.0
447     1 13590.0
447     1 13590.0
447     1 13590.0
447     1 13590.0
447     2 13605.0
447     2 13605.0
447     2 13605.0
447     2 13605.0
448     1 13620.5
448     1 13620.5
448     1 13620.5
448     1 13620.5
448     2 13636.0
448     2 13636.0
448     2 13636.0
448     2 13636.0
449     1 13651.5
449     1 13651.5
449     1 13651.5
449     1 13651.5
449     2 13667.0
449     2 13667.0
449     2 13667.0
449     2 13667.0
450     1 13682.0
450     1 13682.0
450     1 13682.0
450     1 13682.0
450     2 13697.0
450     2 13697.0
450     2 13697.0
450     2 13697.0
451     1 13712.5
451     1 13712.5
451     1 13712.5
451     1 13712.5
451     2 13728.0
451     2 13728.0
451     2 13728.0
451     2 13728.0
452     1 13743.0
452     1 13743.0
452     1 13743.0
452     1 13743.0
452     2 13758.0
452     2 13758.0
452     2 13758.0
452     2 13758.0
453     1 13773.5
453     1 13773.5
453     1 13773.5
453     1 13773.5
453     2 13789.0
453     2 13789.0
453     2 13789.0
453     2 13789.0
454     1 13804.5
454     1 13804.5
454     1 13804.5
454     1 13804.5
454     2 13820.0
454     2 13820.0
454     2 13820.0
454     2 13820.0
455     1 13834.0
455     1 13834.0
455     1 13834.0
455     1 13834.0
455     2 13848.0
455     2 13848.0
455     2 13848.0
455     2 13848.0
456     1 13863.5
456     1 13863.5
456     1 13863.5
456     1 13863.5
456     2 13879.0
456     2 13879.0
456     2 13879.0
456     2 13879.0
457     1 13894.0
457     1 13894.0
457     1 13894.0
457     1 13894.0
457     2 13909.0
457     2 13909.0
457     2 13909.0
457     2 13909.0
458     1 13924.5
458     1 13924.5
458     1 13924.5
458     1 13924.5
458     2 13940.0
458     2 13940.0
458     2 13940.0
458     2 13940.0
459     1 13955.0
459     1 13955.0
459     1 13955.0
459     1 13955.0
459     2 13970.0
459     2 13970.0
459     2 13970.0
459     2 13970.0
460     1 13985.5
460     1 13985.5
460     1 13985.5
460     1 13985.5
460     2 14001.0
460     2 14001.0
460     2 14001.0
460     2 14001.0
461     1 14016.5
461     1 14016.5
461     1 14016.5
461     1 14016.5
461     2 14032.0
461     2 14032.0
461     2 14032.0
461     2 14032.0
462     1 14047.0
462     1 14047.0
462     1 14047.0
462     1 14047.0
462     2 14062.0
462     2 14062.0
462     2 14062.0
462     2 14062.0
463     1 14077.5
463     1 14077.5
463     1 14077.5
463     1 14077.5
463     2 14093.0
463     2 14093.0
463     2 14093.0
463     2 14093.0
464     1 14108.0
464     1 14108.0
464     1 14108.0
464     1 14108.0
464     2 14123.0
464     2 14123.0
464     2 14123.0
464     2 14123.0
465     1 14138.5
465     1 14138.5
465     1 14138.5
465     1 14138.5
465     2 14154.0
465     2 14154.0
465     2 14154.0
465     2 14154.0
466     1 14169.5
466     1 14169.5
466     1 14169.5
466     1 14169.5
466     2 14185.0
466     2 14185.0
466     2 14185.0
466     2 14185.0
467     1 14199.0
467     1 14199.0
467     1 14199.0
467     1 14199.0
467     2 14213.0
467     2 14213.0
467     2 14213.0
467     2 14213.0
468     1 14228.5
468     1 14228.5
468     1 14228.5
468     1 14228.5
468     2 14244.0
468     2 14244.0
468     2 14244.0
468     2 14244.0
469     1 14259.0
469     1 14259.0
469     1 14259.0
469     1 14259.0
469     2 14274.0
469     2 14274.0
469     2 14274.0
469     2 14274.0
470     1 14289.5
470     1 14289.5
470     1 14289.5
470     1 14289.5
470     2 14305.0
470     2 14305.0
470     2 14305.0
470     2 14305.0
471     1 14320.0
471     1 14320.0
471     1 14320.0
471     1 14320.0
471     2 14335.0
471     2 14335.0
471     2 14335.0
471     2 14335.0
472     1 14350.5
472     1 14350.5
472     1 14350.5
472     1 14350.5
472     2 14366.0
472     2 14366.0
472     2 14366.0
472     2 14366.0
473     1 14381.5
473     1 14381.5
473     1 14381.5
473     1 14381.5
473     2 14397.0
473     2 14397.0
473     2 14397.0
473     2 14397.0
474     1 14412.0
474     1 14412.0
474     1 14412.0
474     1 14412.0
474     2 14427.0
474     2 14427.0
474     2 14427.0
474     2 14427.0